cpout  sp     OPCODE 19..16 15..12 11...8 7...4  3...0  
XXX    000    00001  0000   0000   0000   0000   0001   
000    000    00001  0000   0000   0000   0000   0001   
001    000    00001  0001   0000   0000   0000   0111   
002    000    10100  0000   0000   0000   0000   0101   
005    00000  0001   001    0001   0000   0000   0000   
006    001    10101  0000   0000   0000   0000   0000   
003    000    00011  0001   0000   0000   0000   0101   
004    000    10011  0000   0000   0000   0000   0010   
                   
002    000    10100  0000   0000   0000   0000   0101   
005    00000  0001   001    0001   0000   0000   0000   
006    001    10101  0000   0000   0000   0000   0000   
003    000    00011  0001   0000   0000   0000   0101   
004    000    10011  0000   0000   0000   0000   0010   
                   
002    000    10100  0000   0000   0000   0000   0101   
005    00000  0001   001    0001   0000   0000   0000   
006    001    10101  0000   0000   0000   0000   0000   
003    000    00011  0001   0000   0000   0000   0101   
004    000    10011  0000   0000   0000   0000   0010   
                   
002    000    10100  0000   0000   0000   0000   0101   
005    00000  0001   001    0001   0000   0000   0000   
006    001    10101  0000   0000   0000   0000   0000   
003    000    00011  0001   0000   0000   0000   0101   
004    000    10011  0000   0000   0000   0000   0010   
                   
002    000    10100  0000   0000   0000   0000   0101   
005    00000  0001   001    0001   0000   0000   0000   
006    001    10101  0000   0000   0000   0000   0000   
003    000    00011  0001   0000   0000   0000   0101   
004    000    10011  0000   0000   0000   0000   0010   
                   
002    000    10100  0000   0000   0000   0000   0101   
005    00000  0001   001    0001   0000   0000   0000   
006    001    10101  0000   0000   0000   0000   0000   
003    000    00011  0001   0000   0000   0000   0101   
004    000    10011  0000   0000   0000   0000   0010   
                   
002    000    10100  0000   0000   0000   0000   0101   
005    00000  0001   001    0001   0000   0000   0000   
006    001    10101  0000   0000   0000   0000   0000   
003    000    00011  0001   0000   0000   0000   0101   
004    000    10011  0000   0000   0000   0000   0010   
                   
002    000    10100  0000   0000   0000   0000   0101   
005    00000  0001   001    0001   0000   0000   0000   
006    001    10101  0000   0000   0000   0000   0000   
003    000    00011  0001   0000   0000   0000   0101   
004    000    10011  0000   0000   0000   0000   0010   
                   
002    000    10100  0000   0000   0000   0000   0101   
005    00000  0001   001    0001   0000   0000   0000   
006    001    10101  0000   0000   0000   0000   0000   
003    000    00011  0001   0000   0000   0000   0101   
004    000    10011  0000   0000   0000   0000   0010   
                   
002    000    10100  0000   0000   0000   0000   0101   
005    00000  0001   001    0001   0000   0000   0000   
006    001    10101  0000   0000   0000   0000   0000   
003    000    00011  0001   0000   0000   0000   0101   
004    000    10011  0000   0000   0000   0000   0010   
                   
