PC        OPCODE    19...16   15...12   11...08   07...04   03...00   
000       00001     0000      0000      0000      0000      0000      
001       00001     0001      0000      0000      0000      0001      
002       00001     0010      0000      0000      0000      0000      
003       00001     0011      0000      0000      0000      1100      
004       00000     0100      0000      0001      0000      0000      
005       00011     0100      0000      0000      0100      1000      
006       00101     0000      0001      0000      0000      0000      
007       00101     0001      0100      0000      0000      0000      
008       00101     0010      0010      0000      0000      0001      
009       01110     0011      0010      0000      0000      0100      
00D       00000     0000      0000      0000      0000      0000      
00E       00000     0000      0000      0000      0000      0000      
00F       00000     0000      0000      0000      0000      0000      
010       00000     0000      0000      0000      0000      0000      
011       00000     0000      0000      0000      0000      0000      
012       00000     0000      0000      0000      0000      0000      
013       00000     0000      0000      0000      0000      0000      
014       00000     0000      0000      0000      0000      0000      
015       00000     0000      0000      0000      0000      0000      
016       00000     0000      0000      0000      0000      0000      
017       00000     0000      0000      0000      0000      0000      
018       00000     0000      0000      0000      0000      0000      
019       00000     0000      0000      0000      0000      0000      
01A       00000     0000      0000      0000      0000      0000      
01B       00000     0000      0000      0000      0000      0000      
01C       00000     0000      0000      0000      0000      0000      
01D       00000     0000      0000      0000      0000      0000      
01E       00000     0000      0000      0000      0000      0000      
01F       00000     0000      0000      0000      0000      0000      
020       00000     0000      0000      0000      0000      0000      
021       00000     0000      0000      0000      0000      0000      
022       00000     0000      0000      0000      0000      0000      
023       00000     0000      0000      0000      0000      0000      
024       00000     0000      0000      0000      0000      0000      
025       00000     0000      0000      0000      0000      0000      
026       00000     0000      0000      0000      0000      0000      
027       00000     0000      0000      0000      0000      0000      
028       00000     0000      0000      0000      0000      0000      
029       00000     0000      0000      0000      0000      0000      
02A       00000     0000      0000      0000      0000      0000      
02B       00000     0000      0000      0000      0000      0000      
02C       00000     0000      0000      0000      0000      0000      
02D       00000     0000      0000      0000      0000      0000      
02E       00000     0000      0000      0000      0000      0000      
02F       00000     0000      0000      0000      0000      0000      
030       00000     0000      0000      0000      0000      0000      
031       00000     0000      0000      0000      0000      0000      
032       00000     0000      0000      0000      0000      0000      
033       00000     0000      0000      0000      0000      0000      
034       00000     0000      0000      0000      0000      0000      
035       00000     0000      0000      0000      0000      0000      
036       00000     0000      0000      0000      0000      0000      
037       00000     0000      0000      0000      0000      0000      
038       00000     0000      0000      0000      0000      0000      
039       00000     0000      0000      0000      0000      0000      
03A       00000     0000      0000      0000      0000      0000      
03B       00000     0000      0000      0000      0000      0000      
03C       00000     0000      0000      0000      0000      0000      
03D       00000     0000      0000      0000      0000      0000      
03E       00000     0000      0000      0000      0000      0000      
03F       00000     0000      0000      0000      0000      0000      
040       00000     0000      0000      0000      0000      0000      
041       00000     0000      0000      0000      0000      0000      
042       00000     0000      0000      0000      0000      0000      
043       00000     0000      0000      0000      0000      0000      
044       00000     0000      0000      0000      0000      0000      
045       00000     0000      0000      0000      0000      0000      
046       00000     0000      0000      0000      0000      0000      
047       00000     0000      0000      0000      0000      0000      
048       00000     0000      0000      0000      0000      0000      
049       00000     0000      0000      0000      0000      0000      
04A       00000     0000      0000      0000      0000      0000      
04B       00000     0000      0000      0000      0000      0000      
04C       00000     0000      0000      0000      0000      0000      
04D       00000     0000      0000      0000      0000      0000      
04E       00000     0000      0000      0000      0000      0000      
04F       00000     0000      0000      0000      0000      0000      
050       00000     0000      0000      0000      0000      0000      
051       00000     0000      0000      0000      0000      0000      
052       00000     0000      0000      0000      0000      0000      
053       00000     0000      0000      0000      0000      0000      
054       00000     0000      0000      0000      0000      0000      
055       00000     0000      0000      0000      0000      0000      
056       00000     0000      0000      0000      0000      0000      
057       00000     0000      0000      0000      0000      0000      
058       00000     0000      0000      0000      0000      0000      
059       00000     0000      0000      0000      0000      0000      
05A       00000     0000      0000      0000      0000      0000      
05B       00000     0000      0000      0000      0000      0000      
05C       00000     0000      0000      0000      0000      0000      
05D       00000     0000      0000      0000      0000      0000      
05E       00000     0000      0000      0000      0000      0000      
05F       00000     0000      0000      0000      0000      0000      
060       00000     0000      0000      0000      0000      0000      
061       00000     0000      0000      0000      0000      0000      
062       00000     0000      0000      0000      0000      0000      
063       00000     0000      0000      0000      0000      0000      
064       00000     0000      0000      0000      0000      0000      
065       00000     0000      0000      0000      0000      0000      
066       00000     0000      0000      0000      0000      0000      
067       00000     0000      0000      0000      0000      0000      
068       00000     0000      0000      0000      0000      0000      
069       00000     0000      0000      0000      0000      0000      
06A       00000     0000      0000      0000      0000      0000      
06B       00000     0000      0000      0000      0000      0000      
06C       00000     0000      0000      0000      0000      0000      
06D       00000     0000      0000      0000      0000      0000      
06E       00000     0000      0000      0000      0000      0000      
06F       00000     0000      0000      0000      0000      0000      
070       00000     0000      0000      0000      0000      0000      
071       00000     0000      0000      0000      0000      0000      
072       00000     0000      0000      0000      0000      0000      
073       00000     0000      0000      0000      0000      0000      
074       00000     0000      0000      0000      0000      0000      
075       00000     0000      0000      0000      0000      0000      
076       00000     0000      0000      0000      0000      0000      
077       00000     0000      0000      0000      0000      0000      
078       00000     0000      0000      0000      0000      0000      
079       00000     0000      0000      0000      0000      0000      
07A       00000     0000      0000      0000      0000      0000      
07B       00000     0000      0000      0000      0000      0000      
07C       00000     0000      0000      0000      0000      0000      
07D       00000     0000      0000      0000      0000      0000      
07E       00000     0000      0000      0000      0000      0000      
07F       00000     0000      0000      0000      0000      0000      
080       00000     0000      0000      0000      0000      0000      
081       00000     0000      0000      0000      0000      0000      
082       00000     0000      0000      0000      0000      0000      
083       00000     0000      0000      0000      0000      0000      
084       00000     0000      0000      0000      0000      0000      
085       00000     0000      0000      0000      0000      0000      
086       00000     0000      0000      0000      0000      0000      
087       00000     0000      0000      0000      0000      0000      
088       00000     0000      0000      0000      0000      0000      
089       00000     0000      0000      0000      0000      0000      
08A       00000     0000      0000      0000      0000      0000      
08B       00000     0000      0000      0000      0000      0000      
08C       00000     0000      0000      0000      0000      0000      
08D       00000     0000      0000      0000      0000      0000      
08E       00000     0000      0000      0000      0000      0000      
08F       00000     0000      0000      0000      0000      0000      
090       00000     0000      0000      0000      0000      0000      
091       00000     0000      0000      0000      0000      0000      
092       00000     0000      0000      0000      0000      0000      
093       00000     0000      0000      0000      0000      0000      
094       00000     0000      0000      0000      0000      0000      
095       00000     0000      0000      0000      0000      0000      
096       00000     0000      0000      0000      0000      0000      
097       00000     0000      0000      0000      0000      0000      
098       00000     0000      0000      0000      0000      0000      
099       00000     0000      0000      0000      0000      0000      
09A       00000     0000      0000      0000      0000      0000      
09B       00000     0000      0000      0000      0000      0000      
09C       00000     0000      0000      0000      0000      0000      
09D       00000     0000      0000      0000      0000      0000      
09E       00000     0000      0000      0000      0000      0000      
09F       00000     0000      0000      0000      0000      0000      
0A0       00000     0000      0000      0000      0000      0000      
0A1       00000     0000      0000      0000      0000      0000      
0A2       00000     0000      0000      0000      0000      0000      
0A3       00000     0000      0000      0000      0000      0000      
0A4       00000     0000      0000      0000      0000      0000      
0A5       00000     0000      0000      0000      0000      0000      
0A6       00000     0000      0000      0000      0000      0000      
0A7       00000     0000      0000      0000      0000      0000      
0A8       00000     0000      0000      0000      0000      0000      
0A9       00000     0000      0000      0000      0000      0000      
0AA       00000     0000      0000      0000      0000      0000      
0AB       00000     0000      0000      0000      0000      0000      
0AC       00000     0000      0000      0000      0000      0000      
0AD       00000     0000      0000      0000      0000      0000      
0AE       00000     0000      0000      0000      0000      0000      
0AF       00000     0000      0000      0000      0000      0000      
0B0       00000     0000      0000      0000      0000      0000      
0B1       00000     0000      0000      0000      0000      0000      
0B2       00000     0000      0000      0000      0000      0000      
0B3       00000     0000      0000      0000      0000      0000      
0B4       00000     0000      0000      0000      0000      0000      
0B5       00000     0000      0000      0000      0000      0000      
0B6       00000     0000      0000      0000      0000      0000      
0B7       00000     0000      0000      0000      0000      0000      
0B8       00000     0000      0000      0000      0000      0000      
0B9       00000     0000      0000      0000      0000      0000      
0BA       00000     0000      0000      0000      0000      0000      
0BB       00000     0000      0000      0000      0000      0000      
0BC       00000     0000      0000      0000      0000      0000      
0BD       00000     0000      0000      0000      0000      0000      
0BE       00000     0000      0000      0000      0000      0000      
0BF       00000     0000      0000      0000      0000      0000      
0C0       00000     0000      0000      0000      0000      0000      
0C1       00000     0000      0000      0000      0000      0000      
0C2       00000     0000      0000      0000      0000      0000      
0C3       00000     0000      0000      0000      0000      0000      
0C4       00000     0000      0000      0000      0000      0000      
0C5       00000     0000      0000      0000      0000      0000      
0C6       00000     0000      0000      0000      0000      0000      
0C7       00000     0000      0000      0000      0000      0000      
0C8       00000     0000      0000      0000      0000      0000      
0C9       00000     0000      0000      0000      0000      0000      
0CA       00000     0000      0000      0000      0000      0000      
0CB       00000     0000      0000      0000      0000      0000      
0CC       00000     0000      0000      0000      0000      0000      
0CD       00000     0000      0000      0000      0000      0000      
0CE       00000     0000      0000      0000      0000      0000      
0CF       00000     0000      0000      0000      0000      0000      
0D0       00000     0000      0000      0000      0000      0000      
0D1       00000     0000      0000      0000      0000      0000      
0D2       00000     0000      0000      0000      0000      0000      
0D3       00000     0000      0000      0000      0000      0000      
0D4       00000     0000      0000      0000      0000      0000      
0D5       00000     0000      0000      0000      0000      0000      
0D6       00000     0000      0000      0000      0000      0000      
0D7       00000     0000      0000      0000      0000      0000      
0D8       00000     0000      0000      0000      0000      0000      
0D9       00000     0000      0000      0000      0000      0000      
0DA       00000     0000      0000      0000      0000      0000      
0DB       00000     0000      0000      0000      0000      0000      
0DC       00000     0000      0000      0000      0000      0000      
0DD       00000     0000      0000      0000      0000      0000      
0DE       00000     0000      0000      0000      0000      0000      
0DF       00000     0000      0000      0000      0000      0000      
0E0       00000     0000      0000      0000      0000      0000      
0E1       00000     0000      0000      0000      0000      0000      
0E2       00000     0000      0000      0000      0000      0000      
0E3       00000     0000      0000      0000      0000      0000      
0E4       00000     0000      0000      0000      0000      0000      
0E5       00000     0000      0000      0000      0000      0000      
0E6       00000     0000      0000      0000      0000      0000      
0E7       00000     0000      0000      0000      0000      0000      
0E8       00000     0000      0000      0000      0000      0000      
0E9       00000     0000      0000      0000      0000      0000      
0EA       00000     0000      0000      0000      0000      0000      
0EB       00000     0000      0000      0000      0000      0000      
0EC       00000     0000      0000      0000      0000      0000      
0ED       00000     0000      0000      0000      0000      0000      
0EE       00000     0000      0000      0000      0000      0000      
0EF       00000     0000      0000      0000      0000      0000      
0F0       00000     0000      0000      0000      0000      0000      
0F1       00000     0000      0000      0000      0000      0000      
0F2       00000     0000      0000      0000      0000      0000      
0F3       00000     0000      0000      0000      0000      0000      
0F4       00000     0000      0000      0000      0000      0000      
0F5       00000     0000      0000      0000      0000      0000      
0F6       00000     0000      0000      0000      0000      0000      
0F7       00000     0000      0000      0000      0000      0000      
0F8       00000     0000      0000      0000      0000      0000      
0F9       00000     0000      0000      0000      0000      0000      
0FA       00000     0000      0000      0000      0000      0000      
0FB       00000     0000      0000      0000      0000      0000      
0FC       00000     0000      0000      0000      0000      0000      
0FD       00000     0000      0000      0000      0000      0000      
0FE       00000     0000      0000      0000      0000      0000      
0FF       00000     0000      0000      0000      0000      0000      
100       00000     0000      0000      0000      0000      0000      
101       00000     0000      0000      0000      0000      0000      
102       00000     0000      0000      0000      0000      0000      
103       00000     0000      0000      0000      0000      0000      
104       00000     0000      0000      0000      0000      0000      
105       00000     0000      0000      0000      0000      0000      
106       00000     0000      0000      0000      0000      0000      
107       00000     0000      0000      0000      0000      0000      
108       00000     0000      0000      0000      0000      0000      
109       00000     0000      0000      0000      0000      0000      
10A       00000     0000      0000      0000      0000      0000      
10B       00000     0000      0000      0000      0000      0000      
10C       00000     0000      0000      0000      0000      0000      
10D       00000     0000      0000      0000      0000      0000      
10E       00000     0000      0000      0000      0000      0000      
10F       00000     0000      0000      0000      0000      0000      
110       00000     0000      0000      0000      0000      0000      
111       00000     0000      0000      0000      0000      0000      
112       00000     0000      0000      0000      0000      0000      
113       00000     0000      0000      0000      0000      0000      
114       00000     0000      0000      0000      0000      0000      
115       00000     0000      0000      0000      0000      0000      
116       00000     0000      0000      0000      0000      0000      
117       00000     0000      0000      0000      0000      0000      
118       00000     0000      0000      0000      0000      0000      
119       00000     0000      0000      0000      0000      0000      
11A       00000     0000      0000      0000      0000      0000      
11B       00000     0000      0000      0000      0000      0000      
11C       00000     0000      0000      0000      0000      0000      
11D       00000     0000      0000      0000      0000      0000      
11E       00000     0000      0000      0000      0000      0000      
11F       00000     0000      0000      0000      0000      0000      
120       00000     0000      0000      0000      0000      0000      
121       00000     0000      0000      0000      0000      0000      
122       00000     0000      0000      0000      0000      0000      
123       00000     0000      0000      0000      0000      0000      
124       00000     0000      0000      0000      0000      0000      
125       00000     0000      0000      0000      0000      0000      
126       00000     0000      0000      0000      0000      0000      
127       00000     0000      0000      0000      0000      0000      
128       00000     0000      0000      0000      0000      0000      
129       00000     0000      0000      0000      0000      0000      
12A       00000     0000      0000      0000      0000      0000      
12B       00000     0000      0000      0000      0000      0000      
12C       00000     0000      0000      0000      0000      0000      
12D       00000     0000      0000      0000      0000      0000      
12E       00000     0000      0000      0000      0000      0000      
12F       00000     0000      0000      0000      0000      0000      
130       00000     0000      0000      0000      0000      0000      
131       00000     0000      0000      0000      0000      0000      
132       00000     0000      0000      0000      0000      0000      
133       00000     0000      0000      0000      0000      0000      
134       00000     0000      0000      0000      0000      0000      
135       00000     0000      0000      0000      0000      0000      
136       00000     0000      0000      0000      0000      0000      
137       00000     0000      0000      0000      0000      0000      
138       00000     0000      0000      0000      0000      0000      
139       00000     0000      0000      0000      0000      0000      
13A       00000     0000      0000      0000      0000      0000      
13B       00000     0000      0000      0000      0000      0000      
13C       00000     0000      0000      0000      0000      0000      
13D       00000     0000      0000      0000      0000      0000      
13E       00000     0000      0000      0000      0000      0000      
13F       00000     0000      0000      0000      0000      0000      
140       00000     0000      0000      0000      0000      0000      
141       00000     0000      0000      0000      0000      0000      
142       00000     0000      0000      0000      0000      0000      
143       00000     0000      0000      0000      0000      0000      
144       00000     0000      0000      0000      0000      0000      
145       00000     0000      0000      0000      0000      0000      
146       00000     0000      0000      0000      0000      0000      
147       00000     0000      0000      0000      0000      0000      
148       00000     0000      0000      0000      0000      0000      
149       00000     0000      0000      0000      0000      0000      
14A       00000     0000      0000      0000      0000      0000      
14B       00000     0000      0000      0000      0000      0000      
14C       00000     0000      0000      0000      0000      0000      
14D       00000     0000      0000      0000      0000      0000      
14E       00000     0000      0000      0000      0000      0000      
14F       00000     0000      0000      0000      0000      0000      
150       00000     0000      0000      0000      0000      0000      
151       00000     0000      0000      0000      0000      0000      
152       00000     0000      0000      0000      0000      0000      
153       00000     0000      0000      0000      0000      0000      
154       00000     0000      0000      0000      0000      0000      
155       00000     0000      0000      0000      0000      0000      
156       00000     0000      0000      0000      0000      0000      
157       00000     0000      0000      0000      0000      0000      
158       00000     0000      0000      0000      0000      0000      
159       00000     0000      0000      0000      0000      0000      
15A       00000     0000      0000      0000      0000      0000      
15B       00000     0000      0000      0000      0000      0000      
15C       00000     0000      0000      0000      0000      0000      
15D       00000     0000      0000      0000      0000      0000      
15E       00000     0000      0000      0000      0000      0000      
15F       00000     0000      0000      0000      0000      0000      
160       00000     0000      0000      0000      0000      0000      
161       00000     0000      0000      0000      0000      0000      
162       00000     0000      0000      0000      0000      0000      
163       00000     0000      0000      0000      0000      0000      
164       00000     0000      0000      0000      0000      0000      
165       00000     0000      0000      0000      0000      0000      
166       00000     0000      0000      0000      0000      0000      
167       00000     0000      0000      0000      0000      0000      
168       00000     0000      0000      0000      0000      0000      
169       00000     0000      0000      0000      0000      0000      
16A       00000     0000      0000      0000      0000      0000      
16B       00000     0000      0000      0000      0000      0000      
16C       00000     0000      0000      0000      0000      0000      
16D       00000     0000      0000      0000      0000      0000      
16E       00000     0000      0000      0000      0000      0000      
16F       00000     0000      0000      0000      0000      0000      
170       00000     0000      0000      0000      0000      0000      
171       00000     0000      0000      0000      0000      0000      
172       00000     0000      0000      0000      0000      0000      
173       00000     0000      0000      0000      0000      0000      
174       00000     0000      0000      0000      0000      0000      
175       00000     0000      0000      0000      0000      0000      
176       00000     0000      0000      0000      0000      0000      
177       00000     0000      0000      0000      0000      0000      
178       00000     0000      0000      0000      0000      0000      
179       00000     0000      0000      0000      0000      0000      
17A       00000     0000      0000      0000      0000      0000      
17B       00000     0000      0000      0000      0000      0000      
17C       00000     0000      0000      0000      0000      0000      
17D       00000     0000      0000      0000      0000      0000      
17E       00000     0000      0000      0000      0000      0000      
17F       00000     0000      0000      0000      0000      0000      
180       00000     0000      0000      0000      0000      0000      
181       00000     0000      0000      0000      0000      0000      
182       00000     0000      0000      0000      0000      0000      
183       00000     0000      0000      0000      0000      0000      
184       00000     0000      0000      0000      0000      0000      
185       00000     0000      0000      0000      0000      0000      
186       00000     0000      0000      0000      0000      0000      
187       00000     0000      0000      0000      0000      0000      
188       00000     0000      0000      0000      0000      0000      
189       00000     0000      0000      0000      0000      0000      
18A       00000     0000      0000      0000      0000      0000      
18B       00000     0000      0000      0000      0000      0000      
18C       00000     0000      0000      0000      0000      0000      
18D       00000     0000      0000      0000      0000      0000      
18E       00000     0000      0000      0000      0000      0000      
18F       00000     0000      0000      0000      0000      0000      
190       00000     0000      0000      0000      0000      0000      
191       00000     0000      0000      0000      0000      0000      
192       00000     0000      0000      0000      0000      0000      
193       00000     0000      0000      0000      0000      0000      
194       00000     0000      0000      0000      0000      0000      
195       00000     0000      0000      0000      0000      0000      
196       00000     0000      0000      0000      0000      0000      
197       00000     0000      0000      0000      0000      0000      
198       00000     0000      0000      0000      0000      0000      
199       00000     0000      0000      0000      0000      0000      
19A       00000     0000      0000      0000      0000      0000      
19B       00000     0000      0000      0000      0000      0000      
19C       00000     0000      0000      0000      0000      0000      
19D       00000     0000      0000      0000      0000      0000      
19E       00000     0000      0000      0000      0000      0000      
19F       00000     0000      0000      0000      0000      0000      
1A0       00000     0000      0000      0000      0000      0000      
1A1       00000     0000      0000      0000      0000      0000      
1A2       00000     0000      0000      0000      0000      0000      
1A3       00000     0000      0000      0000      0000      0000      
1A4       00000     0000      0000      0000      0000      0000      
1A5       00000     0000      0000      0000      0000      0000      
1A6       00000     0000      0000      0000      0000      0000      
1A7       00000     0000      0000      0000      0000      0000      
1A8       00000     0000      0000      0000      0000      0000      
1A9       00000     0000      0000      0000      0000      0000      
1AA       00000     0000      0000      0000      0000      0000      
1AB       00000     0000      0000      0000      0000      0000      
1AC       00000     0000      0000      0000      0000      0000      
1AD       00000     0000      0000      0000      0000      0000      
1AE       00000     0000      0000      0000      0000      0000      
1AF       00000     0000      0000      0000      0000      0000      
1B0       00000     0000      0000      0000      0000      0000      
1B1       00000     0000      0000      0000      0000      0000      
1B2       00000     0000      0000      0000      0000      0000      
1B3       00000     0000      0000      0000      0000      0000      
1B4       00000     0000      0000      0000      0000      0000      
1B5       00000     0000      0000      0000      0000      0000      
1B6       00000     0000      0000      0000      0000      0000      
1B7       00000     0000      0000      0000      0000      0000      
1B8       00000     0000      0000      0000      0000      0000      
1B9       00000     0000      0000      0000      0000      0000      
1BA       00000     0000      0000      0000      0000      0000      
1BB       00000     0000      0000      0000      0000      0000      
1BC       00000     0000      0000      0000      0000      0000      
1BD       00000     0000      0000      0000      0000      0000      
1BE       00000     0000      0000      0000      0000      0000      
1BF       00000     0000      0000      0000      0000      0000      
1C0       00000     0000      0000      0000      0000      0000      
1C1       00000     0000      0000      0000      0000      0000      
1C2       00000     0000      0000      0000      0000      0000      
1C3       00000     0000      0000      0000      0000      0000      
1C4       00000     0000      0000      0000      0000      0000      
1C5       00000     0000      0000      0000      0000      0000      
1C6       00000     0000      0000      0000      0000      0000      
1C7       00000     0000      0000      0000      0000      0000      
1C8       00000     0000      0000      0000      0000      0000      
1C9       00000     0000      0000      0000      0000      0000      
1CA       00000     0000      0000      0000      0000      0000      
1CB       00000     0000      0000      0000      0000      0000      
1CC       00000     0000      0000      0000      0000      0000      
1CD       00000     0000      0000      0000      0000      0000      
1CE       00000     0000      0000      0000      0000      0000      
1CF       00000     0000      0000      0000      0000      0000      
1D0       00000     0000      0000      0000      0000      0000      
1D1       00000     0000      0000      0000      0000      0000      
1D2       00000     0000      0000      0000      0000      0000      
1D3       00000     0000      0000      0000      0000      0000      
1D4       00000     0000      0000      0000      0000      0000      
1D5       00000     0000      0000      0000      0000      0000      
1D6       00000     0000      0000      0000      0000      0000      
1D7       00000     0000      0000      0000      0000      0000      
1D8       00000     0000      0000      0000      0000      0000      
1D9       00000     0000      0000      0000      0000      0000      
1DA       00000     0000      0000      0000      0000      0000      
1DB       00000     0000      0000      0000      0000      0000      
1DC       00000     0000      0000      0000      0000      0000      
1DD       00000     0000      0000      0000      0000      0000      
1DE       00000     0000      0000      0000      0000      0000      
1DF       00000     0000      0000      0000      0000      0000      
1E0       00000     0000      0000      0000      0000      0000      
1E1       00000     0000      0000      0000      0000      0000      
1E2       00000     0000      0000      0000      0000      0000      
1E3       00000     0000      0000      0000      0000      0000      
1E4       00000     0000      0000      0000      0000      0000      
1E5       00000     0000      0000      0000      0000      0000      
1E6       00000     0000      0000      0000      0000      0000      
1E7       00000     0000      0000      0000      0000      0000      
1E8       00000     0000      0000      0000      0000      0000      
1E9       00000     0000      0000      0000      0000      0000      
1EA       00000     0000      0000      0000      0000      0000      
1EB       00000     0000      0000      0000      0000      0000      
1EC       00000     0000      0000      0000      0000      0000      
1ED       00000     0000      0000      0000      0000      0000      
1EE       00000     0000      0000      0000      0000      0000      
1EF       00000     0000      0000      0000      0000      0000      
1F0       00000     0000      0000      0000      0000      0000      
1F1       00000     0000      0000      0000      0000      0000      
1F2       00000     0000      0000      0000      0000      0000      
1F3       00000     0000      0000      0000      0000      0000      
1F4       00000     0000      0000      0000      0000      0000      
1F5       00000     0000      0000      0000      0000      0000      
1F6       00000     0000      0000      0000      0000      0000      
1F7       00000     0000      0000      0000      0000      0000      
1F8       00000     0000      0000      0000      0000      0000      
1F9       00000     0000      0000      0000      0000      0000      
1FA       00000     0000      0000      0000      0000      0000      
1FB       00000     0000      0000      0000      0000      0000      
1FC       00000     0000      0000      0000      0000      0000      
1FD       00000     0000      0000      0000      0000      0000      
1FE       00000     0000      0000      0000      0000      0000      
1FF       00000     0000      0000      0000      0000      0000      
200       00000     0000      0000      0000      0000      0000      
201       00000     0000      0000      0000      0000      0000      
202       00000     0000      0000      0000      0000      0000      
203       00000     0000      0000      0000      0000      0000      
204       00000     0000      0000      0000      0000      0000      
205       00000     0000      0000      0000      0000      0000      
206       00000     0000      0000      0000      0000      0000      
207       00000     0000      0000      0000      0000      0000      
208       00000     0000      0000      0000      0000      0000      
209       00000     0000      0000      0000      0000      0000      
20A       00000     0000      0000      0000      0000      0000      
20B       00000     0000      0000      0000      0000      0000      
20C       00000     0000      0000      0000      0000      0000      
20D       00000     0000      0000      0000      0000      0000      
20E       00000     0000      0000      0000      0000      0000      
20F       00000     0000      0000      0000      0000      0000      
210       00000     0000      0000      0000      0000      0000      
211       00000     0000      0000      0000      0000      0000      
212       00000     0000      0000      0000      0000      0000      
213       00000     0000      0000      0000      0000      0000      
214       00000     0000      0000      0000      0000      0000      
215       00000     0000      0000      0000      0000      0000      
216       00000     0000      0000      0000      0000      0000      
217       00000     0000      0000      0000      0000      0000      
218       00000     0000      0000      0000      0000      0000      
219       00000     0000      0000      0000      0000      0000      
21A       00000     0000      0000      0000      0000      0000      
21B       00000     0000      0000      0000      0000      0000      
21C       00000     0000      0000      0000      0000      0000      
21D       00000     0000      0000      0000      0000      0000      
21E       00000     0000      0000      0000      0000      0000      
21F       00000     0000      0000      0000      0000      0000      
220       00000     0000      0000      0000      0000      0000      
221       00000     0000      0000      0000      0000      0000      
222       00000     0000      0000      0000      0000      0000      
223       00000     0000      0000      0000      0000      0000      
224       00000     0000      0000      0000      0000      0000      
225       00000     0000      0000      0000      0000      0000      
226       00000     0000      0000      0000      0000      0000      
227       00000     0000      0000      0000      0000      0000      
228       00000     0000      0000      0000      0000      0000      
229       00000     0000      0000      0000      0000      0000      
22A       00000     0000      0000      0000      0000      0000      
22B       00000     0000      0000      0000      0000      0000      
22C       00000     0000      0000      0000      0000      0000      
22D       00000     0000      0000      0000      0000      0000      
22E       00000     0000      0000      0000      0000      0000      
22F       00000     0000      0000      0000      0000      0000      
230       00000     0000      0000      0000      0000      0000      
231       00000     0000      0000      0000      0000      0000      
232       00000     0000      0000      0000      0000      0000      
233       00000     0000      0000      0000      0000      0000      
234       00000     0000      0000      0000      0000      0000      
235       00000     0000      0000      0000      0000      0000      
236       00000     0000      0000      0000      0000      0000      
237       00000     0000      0000      0000      0000      0000      
238       00000     0000      0000      0000      0000      0000      
239       00000     0000      0000      0000      0000      0000      
23A       00000     0000      0000      0000      0000      0000      
23B       00000     0000      0000      0000      0000      0000      
23C       00000     0000      0000      0000      0000      0000      
23D       00000     0000      0000      0000      0000      0000      
23E       00000     0000      0000      0000      0000      0000      
23F       00000     0000      0000      0000      0000      0000      
240       00000     0000      0000      0000      0000      0000      
241       00000     0000      0000      0000      0000      0000      
242       00000     0000      0000      0000      0000      0000      
243       00000     0000      0000      0000      0000      0000      
244       00000     0000      0000      0000      0000      0000      
245       00000     0000      0000      0000      0000      0000      
246       00000     0000      0000      0000      0000      0000      
247       00000     0000      0000      0000      0000      0000      
248       00000     0000      0000      0000      0000      0000      
249       00000     0000      0000      0000      0000      0000      
24A       00000     0000      0000      0000      0000      0000      
24B       00000     0000      0000      0000      0000      0000      
24C       00000     0000      0000      0000      0000      0000      
24D       00000     0000      0000      0000      0000      0000      
24E       00000     0000      0000      0000      0000      0000      
24F       00000     0000      0000      0000      0000      0000      
250       00000     0000      0000      0000      0000      0000      
251       00000     0000      0000      0000      0000      0000      
252       00000     0000      0000      0000      0000      0000      
253       00000     0000      0000      0000      0000      0000      
254       00000     0000      0000      0000      0000      0000      
255       00000     0000      0000      0000      0000      0000      
256       00000     0000      0000      0000      0000      0000      
257       00000     0000      0000      0000      0000      0000      
258       00000     0000      0000      0000      0000      0000      
259       00000     0000      0000      0000      0000      0000      
25A       00000     0000      0000      0000      0000      0000      
25B       00000     0000      0000      0000      0000      0000      
25C       00000     0000      0000      0000      0000      0000      
25D       00000     0000      0000      0000      0000      0000      
25E       00000     0000      0000      0000      0000      0000      
25F       00000     0000      0000      0000      0000      0000      
260       00000     0000      0000      0000      0000      0000      
261       00000     0000      0000      0000      0000      0000      
262       00000     0000      0000      0000      0000      0000      
263       00000     0000      0000      0000      0000      0000      
264       00000     0000      0000      0000      0000      0000      
265       00000     0000      0000      0000      0000      0000      
266       00000     0000      0000      0000      0000      0000      
267       00000     0000      0000      0000      0000      0000      
268       00000     0000      0000      0000      0000      0000      
269       00000     0000      0000      0000      0000      0000      
26A       00000     0000      0000      0000      0000      0000      
26B       00000     0000      0000      0000      0000      0000      
26C       00000     0000      0000      0000      0000      0000      
26D       00000     0000      0000      0000      0000      0000      
26E       00000     0000      0000      0000      0000      0000      
26F       00000     0000      0000      0000      0000      0000      
270       00000     0000      0000      0000      0000      0000      
271       00000     0000      0000      0000      0000      0000      
272       00000     0000      0000      0000      0000      0000      
273       00000     0000      0000      0000      0000      0000      
274       00000     0000      0000      0000      0000      0000      
275       00000     0000      0000      0000      0000      0000      
276       00000     0000      0000      0000      0000      0000      
277       00000     0000      0000      0000      0000      0000      
278       00000     0000      0000      0000      0000      0000      
279       00000     0000      0000      0000      0000      0000      
27A       00000     0000      0000      0000      0000      0000      
27B       00000     0000      0000      0000      0000      0000      
27C       00000     0000      0000      0000      0000      0000      
27D       00000     0000      0000      0000      0000      0000      
27E       00000     0000      0000      0000      0000      0000      
27F       00000     0000      0000      0000      0000      0000      
280       00000     0000      0000      0000      0000      0000      
281       00000     0000      0000      0000      0000      0000      
282       00000     0000      0000      0000      0000      0000      
283       00000     0000      0000      0000      0000      0000      
284       00000     0000      0000      0000      0000      0000      
285       00000     0000      0000      0000      0000      0000      
286       00000     0000      0000      0000      0000      0000      
287       00000     0000      0000      0000      0000      0000      
288       00000     0000      0000      0000      0000      0000      
289       00000     0000      0000      0000      0000      0000      
28A       00000     0000      0000      0000      0000      0000      
28B       00000     0000      0000      0000      0000      0000      
28C       00000     0000      0000      0000      0000      0000      
28D       00000     0000      0000      0000      0000      0000      
28E       00000     0000      0000      0000      0000      0000      
28F       00000     0000      0000      0000      0000      0000      
290       00000     0000      0000      0000      0000      0000      
291       00000     0000      0000      0000      0000      0000      
292       00000     0000      0000      0000      0000      0000      
293       00000     0000      0000      0000      0000      0000      
294       00000     0000      0000      0000      0000      0000      
295       00000     0000      0000      0000      0000      0000      
296       00000     0000      0000      0000      0000      0000      
297       00000     0000      0000      0000      0000      0000      
298       00000     0000      0000      0000      0000      0000      
299       00000     0000      0000      0000      0000      0000      
29A       00000     0000      0000      0000      0000      0000      
29B       00000     0000      0000      0000      0000      0000      
29C       00000     0000      0000      0000      0000      0000      
29D       00000     0000      0000      0000      0000      0000      
29E       00000     0000      0000      0000      0000      0000      
29F       00000     0000      0000      0000      0000      0000      
2A0       00000     0000      0000      0000      0000      0000      
2A1       00000     0000      0000      0000      0000      0000      
2A2       00000     0000      0000      0000      0000      0000      
2A3       00000     0000      0000      0000      0000      0000      
2A4       00000     0000      0000      0000      0000      0000      
2A5       00000     0000      0000      0000      0000      0000      
2A6       00000     0000      0000      0000      0000      0000      
2A7       00000     0000      0000      0000      0000      0000      
2A8       00000     0000      0000      0000      0000      0000      
2A9       00000     0000      0000      0000      0000      0000      
2AA       00000     0000      0000      0000      0000      0000      
2AB       00000     0000      0000      0000      0000      0000      
2AC       00000     0000      0000      0000      0000      0000      
2AD       00000     0000      0000      0000      0000      0000      
2AE       00000     0000      0000      0000      0000      0000      
2AF       00000     0000      0000      0000      0000      0000      
2B0       00000     0000      0000      0000      0000      0000      
2B1       00000     0000      0000      0000      0000      0000      
2B2       00000     0000      0000      0000      0000      0000      
2B3       00000     0000      0000      0000      0000      0000      
2B4       00000     0000      0000      0000      0000      0000      
2B5       00000     0000      0000      0000      0000      0000      
2B6       00000     0000      0000      0000      0000      0000      
2B7       00000     0000      0000      0000      0000      0000      
2B8       00000     0000      0000      0000      0000      0000      
2B9       00000     0000      0000      0000      0000      0000      
2BA       00000     0000      0000      0000      0000      0000      
2BB       00000     0000      0000      0000      0000      0000      
2BC       00000     0000      0000      0000      0000      0000      
2BD       00000     0000      0000      0000      0000      0000      
2BE       00000     0000      0000      0000      0000      0000      
2BF       00000     0000      0000      0000      0000      0000      
2C0       00000     0000      0000      0000      0000      0000      
2C1       00000     0000      0000      0000      0000      0000      
2C2       00000     0000      0000      0000      0000      0000      
2C3       00000     0000      0000      0000      0000      0000      
2C4       00000     0000      0000      0000      0000      0000      
2C5       00000     0000      0000      0000      0000      0000      
2C6       00000     0000      0000      0000      0000      0000      
2C7       00000     0000      0000      0000      0000      0000      
2C8       00000     0000      0000      0000      0000      0000      
2C9       00000     0000      0000      0000      0000      0000      
2CA       00000     0000      0000      0000      0000      0000      
2CB       00000     0000      0000      0000      0000      0000      
2CC       00000     0000      0000      0000      0000      0000      
2CD       00000     0000      0000      0000      0000      0000      
2CE       00000     0000      0000      0000      0000      0000      
2CF       00000     0000      0000      0000      0000      0000      
2D0       00000     0000      0000      0000      0000      0000      
2D1       00000     0000      0000      0000      0000      0000      
2D2       00000     0000      0000      0000      0000      0000      
2D3       00000     0000      0000      0000      0000      0000      
2D4       00000     0000      0000      0000      0000      0000      
2D5       00000     0000      0000      0000      0000      0000      
2D6       00000     0000      0000      0000      0000      0000      
2D7       00000     0000      0000      0000      0000      0000      
2D8       00000     0000      0000      0000      0000      0000      
2D9       00000     0000      0000      0000      0000      0000      
2DA       00000     0000      0000      0000      0000      0000      
2DB       00000     0000      0000      0000      0000      0000      
2DC       00000     0000      0000      0000      0000      0000      
2DD       00000     0000      0000      0000      0000      0000      
2DE       00000     0000      0000      0000      0000      0000      
2DF       00000     0000      0000      0000      0000      0000      
2E0       00000     0000      0000      0000      0000      0000      
2E1       00000     0000      0000      0000      0000      0000      
2E2       00000     0000      0000      0000      0000      0000      
2E3       00000     0000      0000      0000      0000      0000      
2E4       00000     0000      0000      0000      0000      0000      
2E5       00000     0000      0000      0000      0000      0000      
2E6       00000     0000      0000      0000      0000      0000      
2E7       00000     0000      0000      0000      0000      0000      
2E8       00000     0000      0000      0000      0000      0000      
2E9       00000     0000      0000      0000      0000      0000      
2EA       00000     0000      0000      0000      0000      0000      
2EB       00000     0000      0000      0000      0000      0000      
2EC       00000     0000      0000      0000      0000      0000      
2ED       00000     0000      0000      0000      0000      0000      
2EE       00000     0000      0000      0000      0000      0000      
2EF       00000     0000      0000      0000      0000      0000      
2F0       00000     0000      0000      0000      0000      0000      
2F1       00000     0000      0000      0000      0000      0000      
2F2       00000     0000      0000      0000      0000      0000      
2F3       00000     0000      0000      0000      0000      0000      
2F4       00000     0000      0000      0000      0000      0000      
2F5       00000     0000      0000      0000      0000      0000      
2F6       00000     0000      0000      0000      0000      0000      
2F7       00000     0000      0000      0000      0000      0000      
2F8       00000     0000      0000      0000      0000      0000      
2F9       00000     0000      0000      0000      0000      0000      
2FA       00000     0000      0000      0000      0000      0000      
2FB       00000     0000      0000      0000      0000      0000      
2FC       00000     0000      0000      0000      0000      0000      
2FD       00000     0000      0000      0000      0000      0000      
2FE       00000     0000      0000      0000      0000      0000      
2FF       00000     0000      0000      0000      0000      0000      
300       00000     0000      0000      0000      0000      0000      
301       00000     0000      0000      0000      0000      0000      
302       00000     0000      0000      0000      0000      0000      
303       00000     0000      0000      0000      0000      0000      
304       00000     0000      0000      0000      0000      0000      
305       00000     0000      0000      0000      0000      0000      
306       00000     0000      0000      0000      0000      0000      
307       00000     0000      0000      0000      0000      0000      
308       00000     0000      0000      0000      0000      0000      
309       00000     0000      0000      0000      0000      0000      
30A       00000     0000      0000      0000      0000      0000      
30B       00000     0000      0000      0000      0000      0000      
30C       00000     0000      0000      0000      0000      0000      
30D       00000     0000      0000      0000      0000      0000      
30E       00000     0000      0000      0000      0000      0000      
30F       00000     0000      0000      0000      0000      0000      
310       00000     0000      0000      0000      0000      0000      
311       00000     0000      0000      0000      0000      0000      
312       00000     0000      0000      0000      0000      0000      
313       00000     0000      0000      0000      0000      0000      
314       00000     0000      0000      0000      0000      0000      
315       00000     0000      0000      0000      0000      0000      
316       00000     0000      0000      0000      0000      0000      
317       00000     0000      0000      0000      0000      0000      
318       00000     0000      0000      0000      0000      0000      
319       00000     0000      0000      0000      0000      0000      
31A       00000     0000      0000      0000      0000      0000      
31B       00000     0000      0000      0000      0000      0000      
31C       00000     0000      0000      0000      0000      0000      
31D       00000     0000      0000      0000      0000      0000      
31E       00000     0000      0000      0000      0000      0000      
31F       00000     0000      0000      0000      0000      0000      
320       00000     0000      0000      0000      0000      0000      
321       00000     0000      0000      0000      0000      0000      
322       00000     0000      0000      0000      0000      0000      
323       00000     0000      0000      0000      0000      0000      
324       00000     0000      0000      0000      0000      0000      
325       00000     0000      0000      0000      0000      0000      
326       00000     0000      0000      0000      0000      0000      
327       00000     0000      0000      0000      0000      0000      
328       00000     0000      0000      0000      0000      0000      
329       00000     0000      0000      0000      0000      0000      
32A       00000     0000      0000      0000      0000      0000      
32B       00000     0000      0000      0000      0000      0000      
32C       00000     0000      0000      0000      0000      0000      
32D       00000     0000      0000      0000      0000      0000      
32E       00000     0000      0000      0000      0000      0000      
32F       00000     0000      0000      0000      0000      0000      
330       00000     0000      0000      0000      0000      0000      
331       00000     0000      0000      0000      0000      0000      
332       00000     0000      0000      0000      0000      0000      
333       00000     0000      0000      0000      0000      0000      
334       00000     0000      0000      0000      0000      0000      
335       00000     0000      0000      0000      0000      0000      
336       00000     0000      0000      0000      0000      0000      
337       00000     0000      0000      0000      0000      0000      
338       00000     0000      0000      0000      0000      0000      
339       00000     0000      0000      0000      0000      0000      
33A       00000     0000      0000      0000      0000      0000      
33B       00000     0000      0000      0000      0000      0000      
33C       00000     0000      0000      0000      0000      0000      
33D       00000     0000      0000      0000      0000      0000      
33E       00000     0000      0000      0000      0000      0000      
33F       00000     0000      0000      0000      0000      0000      
340       00000     0000      0000      0000      0000      0000      
341       00000     0000      0000      0000      0000      0000      
342       00000     0000      0000      0000      0000      0000      
343       00000     0000      0000      0000      0000      0000      
344       00000     0000      0000      0000      0000      0000      
345       00000     0000      0000      0000      0000      0000      
346       00000     0000      0000      0000      0000      0000      
347       00000     0000      0000      0000      0000      0000      
348       00000     0000      0000      0000      0000      0000      
349       00000     0000      0000      0000      0000      0000      
34A       00000     0000      0000      0000      0000      0000      
34B       00000     0000      0000      0000      0000      0000      
34C       00000     0000      0000      0000      0000      0000      
34D       00000     0000      0000      0000      0000      0000      
34E       00000     0000      0000      0000      0000      0000      
34F       00000     0000      0000      0000      0000      0000      
350       00000     0000      0000      0000      0000      0000      
351       00000     0000      0000      0000      0000      0000      
352       00000     0000      0000      0000      0000      0000      
353       00000     0000      0000      0000      0000      0000      
354       00000     0000      0000      0000      0000      0000      
355       00000     0000      0000      0000      0000      0000      
356       00000     0000      0000      0000      0000      0000      
357       00000     0000      0000      0000      0000      0000      
358       00000     0000      0000      0000      0000      0000      
359       00000     0000      0000      0000      0000      0000      
35A       00000     0000      0000      0000      0000      0000      
35B       00000     0000      0000      0000      0000      0000      
35C       00000     0000      0000      0000      0000      0000      
35D       00000     0000      0000      0000      0000      0000      
35E       00000     0000      0000      0000      0000      0000      
35F       00000     0000      0000      0000      0000      0000      
360       00000     0000      0000      0000      0000      0000      
361       00000     0000      0000      0000      0000      0000      
362       00000     0000      0000      0000      0000      0000      
363       00000     0000      0000      0000      0000      0000      
364       00000     0000      0000      0000      0000      0000      
365       00000     0000      0000      0000      0000      0000      
366       00000     0000      0000      0000      0000      0000      
367       00000     0000      0000      0000      0000      0000      
368       00000     0000      0000      0000      0000      0000      
369       00000     0000      0000      0000      0000      0000      
36A       00000     0000      0000      0000      0000      0000      
36B       00000     0000      0000      0000      0000      0000      
36C       00000     0000      0000      0000      0000      0000      
36D       00000     0000      0000      0000      0000      0000      
36E       00000     0000      0000      0000      0000      0000      
36F       00000     0000      0000      0000      0000      0000      
370       00000     0000      0000      0000      0000      0000      
371       00000     0000      0000      0000      0000      0000      
372       00000     0000      0000      0000      0000      0000      
373       00000     0000      0000      0000      0000      0000      
374       00000     0000      0000      0000      0000      0000      
375       00000     0000      0000      0000      0000      0000      
376       00000     0000      0000      0000      0000      0000      
377       00000     0000      0000      0000      0000      0000      
378       00000     0000      0000      0000      0000      0000      
379       00000     0000      0000      0000      0000      0000      
37A       00000     0000      0000      0000      0000      0000      
37B       00000     0000      0000      0000      0000      0000      
37C       00000     0000      0000      0000      0000      0000      
37D       00000     0000      0000      0000      0000      0000      
37E       00000     0000      0000      0000      0000      0000      
37F       00000     0000      0000      0000      0000      0000      
380       00000     0000      0000      0000      0000      0000      
381       00000     0000      0000      0000      0000      0000      
382       00000     0000      0000      0000      0000      0000      
383       00000     0000      0000      0000      0000      0000      
384       00000     0000      0000      0000      0000      0000      
385       00000     0000      0000      0000      0000      0000      
386       00000     0000      0000      0000      0000      0000      
387       00000     0000      0000      0000      0000      0000      
388       00000     0000      0000      0000      0000      0000      
389       00000     0000      0000      0000      0000      0000      
38A       00000     0000      0000      0000      0000      0000      
38B       00000     0000      0000      0000      0000      0000      
38C       00000     0000      0000      0000      0000      0000      
38D       00000     0000      0000      0000      0000      0000      
38E       00000     0000      0000      0000      0000      0000      
38F       00000     0000      0000      0000      0000      0000      
390       00000     0000      0000      0000      0000      0000      
391       00000     0000      0000      0000      0000      0000      
392       00000     0000      0000      0000      0000      0000      
393       00000     0000      0000      0000      0000      0000      
394       00000     0000      0000      0000      0000      0000      
395       00000     0000      0000      0000      0000      0000      
396       00000     0000      0000      0000      0000      0000      
397       00000     0000      0000      0000      0000      0000      
398       00000     0000      0000      0000      0000      0000      
399       00000     0000      0000      0000      0000      0000      
39A       00000     0000      0000      0000      0000      0000      
39B       00000     0000      0000      0000      0000      0000      
39C       00000     0000      0000      0000      0000      0000      
39D       00000     0000      0000      0000      0000      0000      
39E       00000     0000      0000      0000      0000      0000      
39F       00000     0000      0000      0000      0000      0000      
3A0       00000     0000      0000      0000      0000      0000      
3A1       00000     0000      0000      0000      0000      0000      
3A2       00000     0000      0000      0000      0000      0000      
3A3       00000     0000      0000      0000      0000      0000      
3A4       00000     0000      0000      0000      0000      0000      
3A5       00000     0000      0000      0000      0000      0000      
3A6       00000     0000      0000      0000      0000      0000      
3A7       00000     0000      0000      0000      0000      0000      
3A8       00000     0000      0000      0000      0000      0000      
3A9       00000     0000      0000      0000      0000      0000      
3AA       00000     0000      0000      0000      0000      0000      
3AB       00000     0000      0000      0000      0000      0000      
3AC       00000     0000      0000      0000      0000      0000      
3AD       00000     0000      0000      0000      0000      0000      
3AE       00000     0000      0000      0000      0000      0000      
3AF       00000     0000      0000      0000      0000      0000      
3B0       00000     0000      0000      0000      0000      0000      
3B1       00000     0000      0000      0000      0000      0000      
3B2       00000     0000      0000      0000      0000      0000      
3B3       00000     0000      0000      0000      0000      0000      
3B4       00000     0000      0000      0000      0000      0000      
3B5       00000     0000      0000      0000      0000      0000      
3B6       00000     0000      0000      0000      0000      0000      
3B7       00000     0000      0000      0000      0000      0000      
3B8       00000     0000      0000      0000      0000      0000      
3B9       00000     0000      0000      0000      0000      0000      
3BA       00000     0000      0000      0000      0000      0000      
3BB       00000     0000      0000      0000      0000      0000      
3BC       00000     0000      0000      0000      0000      0000      
3BD       00000     0000      0000      0000      0000      0000      
3BE       00000     0000      0000      0000      0000      0000      
3BF       00000     0000      0000      0000      0000      0000      
3C0       00000     0000      0000      0000      0000      0000      
3C1       00000     0000      0000      0000      0000      0000      
3C2       00000     0000      0000      0000      0000      0000      
3C3       00000     0000      0000      0000      0000      0000      
3C4       00000     0000      0000      0000      0000      0000      
3C5       00000     0000      0000      0000      0000      0000      
3C6       00000     0000      0000      0000      0000      0000      
3C7       00000     0000      0000      0000      0000      0000      
3C8       00000     0000      0000      0000      0000      0000      
3C9       00000     0000      0000      0000      0000      0000      
3CA       00000     0000      0000      0000      0000      0000      
3CB       00000     0000      0000      0000      0000      0000      
3CC       00000     0000      0000      0000      0000      0000      
3CD       00000     0000      0000      0000      0000      0000      
3CE       00000     0000      0000      0000      0000      0000      
3CF       00000     0000      0000      0000      0000      0000      
3D0       00000     0000      0000      0000      0000      0000      
3D1       00000     0000      0000      0000      0000      0000      
3D2       00000     0000      0000      0000      0000      0000      
3D3       00000     0000      0000      0000      0000      0000      
3D4       00000     0000      0000      0000      0000      0000      
3D5       00000     0000      0000      0000      0000      0000      
3D6       00000     0000      0000      0000      0000      0000      
3D7       00000     0000      0000      0000      0000      0000      
3D8       00000     0000      0000      0000      0000      0000      
3D9       00000     0000      0000      0000      0000      0000      
3DA       00000     0000      0000      0000      0000      0000      
3DB       00000     0000      0000      0000      0000      0000      
3DC       00000     0000      0000      0000      0000      0000      
3DD       00000     0000      0000      0000      0000      0000      
3DE       00000     0000      0000      0000      0000      0000      
3DF       00000     0000      0000      0000      0000      0000      
3E0       00000     0000      0000      0000      0000      0000      
3E1       00000     0000      0000      0000      0000      0000      
3E2       00000     0000      0000      0000      0000      0000      
3E3       00000     0000      0000      0000      0000      0000      
3E4       00000     0000      0000      0000      0000      0000      
3E5       00000     0000      0000      0000      0000      0000      
3E6       00000     0000      0000      0000      0000      0000      
3E7       00000     0000      0000      0000      0000      0000      
3E8       00000     0000      0000      0000      0000      0000      
3E9       00000     0000      0000      0000      0000      0000      
3EA       00000     0000      0000      0000      0000      0000      
